 j  f  m  a  m  j  j  a  s  o  n  d 

   01 01                      01    
   02 02       01             02    
   03 03       02       01    03 01 
   04 04 01    03 01    02    04 02 
01 05 05 02    04 02    03 01 05 03 
02 06 06 03 01 05 03    04 02 06 04 
03 07 07 04 02 06 04 01 05 03 07 05 
04 08 08 05 03 07 05 02 06 04 08 06 
05 09 09 06 04 08 06 03 07 05 09 07 
06 10 10 07 05 09 07 04 08 06 10 08 
07 11 11 08 06 10 08 05 09 07 11 09 
08 12 12 09 07 11 09 06 10 08 12 10 
09 13 13 10 08 12 10 07 11 09 13 11 
10 14 14 11 09 13 11 08 12 10 14 12 
11 15 15 12 10 14 12 09 13 11 15 13 
12 16 16 13 11 15 13 10 14 12 16 14 
13 17 17 14 12 16 14 11 15 13 17 15 
14 18 18 15 13 17 15 12 16 14 18 16 
15 19 19 16 14 18 16 13 17 15 19 17 
16 20 20 17 15 19 17 14 18 16 20 18 
17 21 21 18 16 20 18 15 19 17 21 19 
18 22 22 19 17 21 19 16 20 18 22 20 
19 23 23 20 18 22 20 17 21 19 23 21 
20 24 24 21 19 23 21 18 22 20 24 22 
21 25 25 22 20 24 22 19 23 21 25 23 
22 26 26 23 21 25 23 20 24 22 26 24 
23 27 27 24 22 26 24 21 25 23 27 25 
24 28 28 25 23 27 25 22 26 24 28 26 
25    29 26 24 28 26 23 27 25 29 27 
26    30 27 25 29 27 24 28 26 30 28 
27    31 28 26 30 28 25 29 27    29 
28       29 27    29 26 30 28    30 
29       30 28    30 27    29    31 
30          29    31 28    30       
31          30       29    31       
            31       30             
                     31             
